%YAML:1.0
---
image_width: 1280
image_height: 720
camera_matrix: !!opencv-matrix
   rows: 3
   cols: 3
   dt: d
   data: [ 7.5579043540232851e+02, 0., 6.3985820596973736e+02, 0.,
       7.5632729860801851e+02, 3.6098669461628299e+02, 0., 0., 1. ]
distortion_coefficients: !!opencv-matrix
   rows: 1
   cols: 5
   dt: d
   data: [ 9.8608338311241647e-02, -2.4087309593749223e-01,
       -3.5561249192551410e-04, -3.1414951906527015e-04,
       1.1760283618764282e-01 ]
avg_reprojection_error: 2.9533292023974844e-01
