%YAML:1.0
---
image_width: 1280
image_height: 720
camera_matrix: !!opencv-matrix
   rows: 3
   cols: 3
   dt: d
   data: [ 7.6006039145800310e+02, 0., 6.0456638788424266e+02, 0.,
       7.6020538613858400e+02, 3.8474260014749171e+02, 0., 0., 1. ]
distortion_coefficients: !!opencv-matrix
   rows: 1
   cols: 5
   dt: d
   data: [ 7.8825392449679080e-02, -2.0470753627144189e-01,
       8.3232892642994645e-04, -7.2032431751108974e-04,
       8.9110847115565509e-02 ]
avg_reprojection_error: 2.3507227759561941e-01
